SPEAKER         id       #SENT      #WORD       Corr        Sub        Ins        Del        Err      S.Err
Alfur           raw         18        281        250         11          0         20         31         17
Alfur           sys         18        281      88.97       3.91       0.00       7.12      11.03      94.44
Alfur_v2        raw         22        339        326          6          0          7         13         10
Alfur_v2        sys         22        339      96.17       1.77       0.00       2.06       3.83      45.45
Bjartur         raw         30        478        475          3          0          0          3          3
Bjartur         sys         30        478      99.37       0.63       0.00       0.00       0.63      10.00
Dilja           raw         22        339        307         15          0         17         32         14
Dilja           sys         22        339      90.56       4.42       0.00       5.01       9.44      63.64
Dilja_v2        raw         28        440        425          5          0         10         15          9
Dilja_v2        sys         28        440      96.59       1.14       0.00       2.27       3.41      32.14
Dora            raw         23        348        328          8          0         12         20         13
Dora            sys         23        348      94.25       2.30       0.00       3.45       5.75      56.52
Karl            raw         26        412        390          7          0         15         22         17
Karl            sys         26        412      94.66       1.70       0.00       3.64       5.34      65.38
Rosa            raw         31        474        443         22          0          9         31         16
Rosa            sys         31        474      93.46       4.64       0.00       1.90       6.54      51.61
SUM             raw        200       3111       2944         77          0         90        167         99
SUM             sys        200       3111      94.63       2.48       0.00       2.89       5.37      49.50
