SPEAKER         id       #SENT      #WORD       Corr        Sub        Ins        Del        Err      S.Err
Alfur           raw         25         65         29         13          0         23         36         25
Alfur           sys         25         65      44.62      20.00       0.00      35.38      55.38     100.00
Alfur_v2        raw         17         46         37          4          0          5          9          9
Alfur_v2        sys         17         46      80.43       8.70       0.00      10.87      19.57      52.94
Bjartur         raw         24         68         65          1          0          2          3          3
Bjartur         sys         24         68      95.59       1.47       0.00       2.94       4.41      12.50
Dilja           raw         24         65         13         24          0         28         52         22
Dilja           sys         24         65      20.00      36.92       0.00      43.08      80.00      91.67
Dilja_v2        raw         27         72         49         12          0         11         23         18
Dilja_v2        sys         27         72      68.06      16.67       0.00      15.28      31.94      66.67
Dora            raw         34         96         58         12          0         26         38         29
Dora            sys         34         96      60.42      12.50       0.00      27.08      39.58      85.29
Karl            raw         27         65         43          5          0         17         22         18
Karl            sys         27         65      66.15       7.69       0.00      26.15      33.85      66.67
Rosa            raw         22         58         41          6          0         11         17         13
Rosa            sys         22         58      70.69      10.34       0.00      18.97      29.31      59.09
SUM             raw        200        535        335         77          0        123        200        137
SUM             sys        200        535      62.62      14.39       0.00      22.99      37.38      68.50
