SPEAKER         id       #SENT      #WORD       Corr        Sub        Ins        Del        Err      S.Err
Alfur           raw         27        217        179         16          1         22         39         24
Alfur           sys         27        217      82.49       7.37       0.46      10.14      17.97      88.89
Alfur_v2        raw         30        226        190         22          2         14         38         22
Alfur_v2        sys         30        226      84.07       9.73       0.88       6.19      16.81      73.33
Bjartur         raw         31        206        192         10          1          4         15          9
Bjartur         sys         31        206      93.20       4.85       0.49       1.94       7.28      29.03
Dilja           raw         27        169         81         30          0         58         88         23
Dilja           sys         27        169      47.93      17.75       0.00      34.32      52.07      85.19
Dilja_v2        raw         32        226        198         19          2          9         30         17
Dilja_v2        sys         32        226      87.61       8.41       0.88       3.98      13.27      53.12
Dora            raw         20        140        116         17          0          7         24         15
Dora            sys         20        140      82.86      12.14       0.00       5.00      17.14      75.00
Karl            raw         13         93         79         11          2          3         16         10
Karl            sys         13         93      84.95      11.83       2.15       3.23      17.20      76.92
Rosa            raw         20        131        105         18          0          8         26         15
Rosa            sys         20        131      80.15      13.74       0.00       6.11      19.85      75.00
SUM             raw        200       1408       1140        143          8        125        276        135
SUM             sys        200       1408      80.97      10.16       0.57       8.88      19.60      67.50
