SPEAKER         id       #SENT      #WORD       Corr        Sub        Ins        Del        Err      S.Err
Alfur           raw         24        204        163         13          0         28         41         20
Alfur           sys         24        204      79.90       6.37       0.00      13.73      20.10      83.33
Alfur_v2        raw         28        234        216          9          0          9         18         14
Alfur_v2        sys         28        234      92.31       3.85       0.00       3.85       7.69      50.00
Bjartur         raw         30        245        229          8          0          8         16         13
Bjartur         sys         30        245      93.47       3.27       0.00       3.27       6.53      43.33
Dilja           raw         19        161         90         14          0         57         71         17
Dilja           sys         19        161      55.90       8.70       0.00      35.40      44.10      89.47
Dilja_v2        raw         20        162        145          4          0         13         17         12
Dilja_v2        sys         20        162      89.51       2.47       0.00       8.02      10.49      60.00
Dora            raw         29        233        197          5          0         31         36         25
Dora            sys         29        233      84.55       2.15       0.00      13.30      15.45      86.21
Karl            raw         23        199        173          8          0         18         26         19
Karl            sys         23        199      86.93       4.02       0.00       9.05      13.07      82.61
Rosa            raw         27        219        168          4          0         47         51         22
Rosa            sys         27        219      76.71       1.83       0.00      21.46      23.29      81.48
SUM             raw        200       1657       1381         65          0        211        276        142
SUM             sys        200       1657      83.34       3.92       0.00      12.73      16.66      71.00
