SPEAKER         id       #SENT      #WORD       Corr        Sub        Ins        Del        Err      S.Err
Alfur           raw         33        342        290         15          3         37         55         28
Alfur           sys         33        342      84.80       4.39       0.88      10.82      16.08      84.85
Alfur_v2        raw         19        192        175          3          0         14         17         12
Alfur_v2        sys         19        192      91.15       1.56       0.00       7.29       8.85      63.16
Bjartur         raw         23        244        233          3          0          8         11          8
Bjartur         sys         23        244      95.49       1.23       0.00       3.28       4.51      34.78
Dilja           raw         27        286        197         16          0         73         89         23
Dilja           sys         27        286      68.88       5.59       0.00      25.52      31.12      85.19
Dilja_v2        raw         27        273        251          3          0         19         22         13
Dilja_v2        sys         27        273      91.94       1.10       0.00       6.96       8.06      48.15
Dora            raw         21        217        194          5          0         18         23         17
Dora            sys         21        217      89.40       2.30       0.00       8.29      10.60      80.95
Karl            raw         21        212        188          2          1         22         25         18
Karl            sys         21        212      88.68       0.94       0.47      10.38      11.79      85.71
Rosa            raw         29        328        239         15          0         74         89         27
Rosa            sys         29        328      72.87       4.57       0.00      22.56      27.13      93.10
SUM             raw        200       2094       1767         62          4        265        331        146
SUM             sys        200       2094      84.38       2.96       0.19      12.66      15.81      73.00
