SPEAKER         id       #SENT      #WORD       Corr        Sub        Ins        Del        Err      S.Err
Alfur           raw         19         50         35         12          0          3         15         11
Alfur           sys         19         50      70.00      24.00       0.00       6.00      30.00      57.89
Alfur_v2        raw         27         71         56         13          0          2         15         13
Alfur_v2        sys         27         71      78.87      18.31       0.00       2.82      21.13      48.15
Bjartur         raw         30         81         79          2          0          0          2          1
Bjartur         sys         30         81      97.53       2.47       0.00       0.00       2.47       3.33
Dilja           raw         23         65         41         11          0         13         24         13
Dilja           sys         23         65      63.08      16.92       0.00      20.00      36.92      56.52
Dilja_v2        raw         29         80         67          8          0          5         13          8
Dilja_v2        sys         29         80      83.75      10.00       0.00       6.25      16.25      27.59
Dora            raw         25         74         51         20          0          3         23         18
Dora            sys         25         74      68.92      27.03       0.00       4.05      31.08      72.00
Karl            raw         23         60         45         14          0          1         15         12
Karl            sys         23         60      75.00      23.33       0.00       1.67      25.00      52.17
Rosa            raw         24         71         54         11          0          6         17          9
Rosa            sys         24         71      76.06      15.49       0.00       8.45      23.94      37.50
SUM             raw        200        552        428         91          0         33        124         85
SUM             sys        200        552      77.54      16.49       0.00       5.98      22.46      42.50
